[gd_scene load_steps=6 format=2]

[ext_resource path="res://MainMap.gdns" type="Script" id=1]
[ext_resource path="res://blender_imports/ship_1.gltf" type="PackedScene" id=2]
[ext_resource path="res://Station.tscn" type="PackedScene" id=3]
[ext_resource path="res://Station.gd" type="Script" id=4]
[ext_resource path="res://gdnative/GUIPaintNodeScript.gdns" type="Script" id=5]

[node name="Spatial" type="Spatial"]
script = ExtResource( 1 )

[node name="Ship" parent="." instance=ExtResource( 2 )]
transform = Transform( 0.896574, -0.0109543, -0.442758, 0.012217, 0.999925, 0, 0.442725, -0.00540918, 0.896641, 13.5737, 100.28, -107.466 )

[node name="OmniLight2" type="OmniLight" parent="Ship"]
transform = Transform( 1, 0, 0, 0, 1, 0, 0, 0, 1, 1.28844, 0.507324, -0.708077 )
light_color = Color( 1, 0, 0, 1 )

[node name="OmniLight3" type="OmniLight" parent="Ship"]
transform = Transform( 1, 0, 0, 0, 1, 0, 0, 0, 1, -1.20921, 0.507324, -0.708077 )
light_color = Color( 1, 0, 0, 1 )

[node name="SpotLight" type="SpotLight" parent="Ship"]
transform = Transform( 0.999523, -0.0308298, 0.00167123, 0.0302539, 0.988783, 0.146264, -0.00616177, -0.146144, 0.989244, 0.0249852, 0.892155, -1.42762 )
light_color = Color( 1, 0.372549, 0.0352941, 1 )
light_energy = 16.0
spot_range = 6.3
spot_angle = 45.1

[node name="Camera" type="Camera" parent="Ship"]
transform = Transform( -0.989107, -0.0484519, 0.138992, 0.00072391, 0.942659, 0.333758, -0.147193, 0.330223, -0.932356, 2.74424, 5.95173, -11.4506 )
fov = 78.6
far = 1558.0

[node name="Scene Root" parent="." instance=ExtResource( 3 )]
transform = Transform( 1, 0, 0, 0, 1, 0, 0, 0, 1, -87.2753, 11.1011, 108.427 )
script = ExtResource( 4 )

[node name="DirectionalLight" type="DirectionalLight" parent="."]
transform = Transform( -0.891941, 0, 0.452152, 0.335002, 0.671609, 0.660844, -0.303669, 0.740906, -0.599036, 21.4109, 45.3778, -46.404 )
light_energy = 0.62
light_indirect_energy = 1.09
shadow_enabled = true
directional_shadow_split_2 = 0.275
directional_shadow_split_3 = 0.509
directional_shadow_normal_bias = 0.72
directional_shadow_bias_split_scale = 0.19
directional_shadow_max_distance = 295.5

[node name="CanvasLayer" type="CanvasLayer" parent="."]

[node name="Node2D" type="Node2D" parent="CanvasLayer"]
script = ExtResource( 5 )
